44
NULL 0 NULL 0
B 5 0,255,0,255,0,32767,0,32767,0,32767 NULL -1 0 0 	# B [42 ]A
0 8 0,255,0,255,0,32767,0,32767,0,32767 NULL 2 0 0 	# 0 [30 ]0
1 8 0,255,0,255,0,32767,0,32767,0,32767 NULL 3 0 0 	# 1 [31 ]0
/ 10 0,255,0,255,0,32767,0,32767,0,32767 NULL 4 0 0 	# / [2f ]p
单 1 0,255,0,255,0,32767,0,32767,0,32767 NULL 5 0 0 	# 单 [5355 ]x
式 1 0,255,0,255,0,32767,0,32767,0,32767 NULL 6 0 0 	# 式 [5f0f ]x
2 8 0,255,0,255,0,32767,0,32767,0,32767 NULL 7 0 0 	# 2 [32 ]0
8 8 0,255,0,255,0,32767,0,32767,0,32767 NULL 8 0 0 	# 8 [38 ]0
. 10 0,255,0,255,0,32767,0,32767,0,32767 NULL 9 0 0 	# . [2e ]p
3 8 0,255,0,255,0,32767,0,32767,0,32767 NULL 10 0 0 	# 3 [33 ]0
7 8 0,255,0,255,0,32767,0,32767,0,32767 NULL 11 0 0 	# 7 [37 ]0
- 10 0,255,0,255,0,32767,0,32767,0,32767 NULL 12 0 0 	# - [2d ]p
: 10 0,255,0,255,0,32767,0,32767,0,32767 NULL 13 0 0 	# : [3a ]p
4 8 0,255,0,255,0,32767,0,32767,0,32767 NULL 14 0 0 	# 4 [34 ]0
6 8 0,255,0,255,0,32767,0,32767,0,32767 NULL 15 0 0 	# 6 [36 ]0
期 1 0,255,0,255,0,32767,0,32767,0,32767 NULL 16 0 0 	# 期 [671f ]x
站 1 0,255,0,255,0,32767,0,32767,0,32767 NULL 17 0 0 	# 站 [7ad9 ]x
号 1 0,255,0,255,0,32767,0,32767,0,32767 NULL 18 0 0 	# 号 [53f7 ]x
9 8 0,255,0,255,0,32767,0,32767,0,32767 NULL 19 0 0 	# 9 [39 ]0
操 1 0,255,0,255,0,32767,0,32767,0,32767 NULL 20 0 0 	# 操 [64cd ]x
作 1 0,255,0,255,0,32767,0,32767,0,32767 NULL 21 0 0 	# 作 [4f5c ]x
员 1 0,255,0,255,0,32767,0,32767,0,32767 NULL 22 0 0 	# 员 [5458 ]x
流 1 0,255,0,255,0,32767,0,32767,0,32767 NULL 23 0 0 	# 流 [6d41 ]x
水 1 0,255,0,255,0,32767,0,32767,0,32767 NULL 24 0 0 	# 水 [6c34 ]x
倍 1 0,255,0,255,0,32767,0,32767,0,32767 NULL 25 0 0 	# 倍 [500d ]x
① 0 0,255,0,255,0,32767,0,32767,0,32767 NULL 26 0 0 	# ① [2460 ]
5 8 0,255,0,255,0,32767,0,32767,0,32767 NULL 27 0 0 	# 5 [35 ]0
② 0 0,255,0,255,0,32767,0,32767,0,32767 NULL 28 0 0 	# ② [2461 ]
③ 0 0,255,0,255,0,32767,0,32767,0,32767 NULL 29 0 0 	# ③ [2462 ]
④ 0 0,255,0,255,0,32767,0,32767,0,32767 NULL 30 0 0 	# ④ [2463 ]
⑤ 0 0,255,0,255,0,32767,0,32767,0,32767 NULL 31 0 0 	# ⑤ [2464 ]
开 1 0,255,0,255,0,32767,0,32767,0,32767 NULL 32 0 0 	# 开 [5f00 ]x
将 1 0,255,0,255,0,32767,0,32767,0,32767 NULL 33 0 0 	# 将 [5c06 ]x
时 1 0,255,0,255,0,32767,0,32767,0,32767 NULL 34 0 0 	# 时 [65f6 ]x
间 1 0,255,0,255,0,32767,0,32767,0,32767 NULL 35 0 0 	# 间 [95f4 ]x
面 1 0,255,0,255,0,32767,0,32767,0,32767 NULL 36 0 0 	# 面 [9762 ]x
额 1 0,255,0,255,0,32767,0,32767,0,32767 NULL 37 0 0 	# 额 [989d ]x
元 1 0,255,0,255,0,32767,0,32767,0,32767 NULL 38 0 0 	# 元 [5143 ]x
复 1 0,255,0,255,0,32767,0,32767,0,32767 NULL 39 0 0 	# 复 [590d ]x
+ 10 0,255,0,255,0,32767,0,32767,0,32767 NULL 40 0 0 	# + [2b ]p
胆 1 0,255,0,255,0,32767,0,32767,0,32767 NULL 41 0 0 	# 胆 [80c6 ]x
拖 1 0,255,0,255,0,32767,0,32767,0,32767 NULL 42 0 0 	# 拖 [62d6 ]x
* 10 0,255,0,255,0,32767,0,32767,0,32767 NULL 43 0 0 	# * [2a ]p
