33
NULL 0 NULL 0
双 1 0,255,0,255,0,32767,0,32767,0,32767 NULL 1 0 0 	# 双 [53cc ]x
色 1 0,255,0,255,0,32767,0,32767,0,32767 NULL 2 0 0 	# 色 [8272 ]x
王 1 0,255,0,255,0,32767,0,32767,0,32767 NULL 3 0 0 	# 王 [738b ]x
球 1 0,255,0,255,0,32767,0,32767,0,32767 NULL 4 0 0 	# 球 [7403 ]x
6 8 0,255,0,255,0,32767,0,32767,0,32767 NULL 5 0 0 	# 6 [36 ]0
/ 10 0,255,0,255,0,32767,0,32767,0,32767 NULL 6 0 0 	# / [2f ]p
3 8 0,255,0,255,0,32767,0,32767,0,32767 NULL 7 0 0 	# 3 [33 ]0
+ 10 0,255,0,255,0,32767,0,32767,0,32767 NULL 8 0 0 	# + [2b ]p
l 3 0,255,0,255,0,32767,0,32767,0,32767 NULL -1 0 0 	# l [6c ]a
1 8 0,255,0,255,0,32767,0,32767,0,32767 NULL 10 0 0 	# 1 [31 ]0
蓝 1 0,255,0,255,0,32767,0,32767,0,32767 NULL 11 0 0 	# 蓝 [84dd ]x
复 1 0,255,0,255,0,32767,0,32767,0,32767 NULL 12 0 0 	# 复 [590d ]x
式 1 0,255,0,255,0,32767,0,32767,0,32767 NULL 13 0 0 	# 式 [5f0f ]x
0 8 0,255,0,255,0,32767,0,32767,0,32767 NULL 14 0 0 	# 0 [30 ]0
2 8 0,255,0,255,0,32767,0,32767,0,32767 NULL 15 0 0 	# 2 [32 ]0
X 5 0,255,0,255,0,32767,0,32767,0,32767 NULL -1 0 0 	# X [58 ]A
. 10 0,255,0,255,0,32767,0,32767,0,32767 NULL 17 0 0 	# . [2e ]p
红 1 0,255,0,255,0,32767,0,32767,0,32767 NULL 18 0 0 	# 红 [7ea2 ]x
4 8 0,255,0,255,0,32767,0,32767,0,32767 NULL 19 0 0 	# 4 [34 ]0
8 8 0,255,0,255,0,32767,0,32767,0,32767 NULL 20 0 0 	# 8 [38 ]0
7 8 0,255,0,255,0,32767,0,32767,0,32767 NULL 21 0 0 	# 7 [37 ]0
机 1 0,255,0,255,0,32767,0,32767,0,32767 NULL 22 0 0 	# 机 [673a ]x
选 1 0,255,0,255,0,32767,0,32767,0,32767 NULL 23 0 0 	# 选 [9009 ]x
9 8 0,255,0,255,0,32767,0,32767,0,32767 NULL 24 0 0 	# 9 [39 ]0
期 1 0,255,0,255,0,32767,0,32767,0,32767 NULL 25 0 0 	# 期 [671f ]x
号 1 0,255,0,255,0,32767,0,32767,0,32767 NULL 26 0 0 	# 号 [53f7 ]x
开 1 0,255,0,255,0,32767,0,32767,0,32767 NULL 27 0 0 	# 开 [5f00 ]x
奖 1 0,255,0,255,0,32767,0,32767,0,32767 NULL 28 0 0 	# 奖 [5956 ]x
日 1 0,255,0,255,0,32767,0,32767,0,32767 NULL 29 0 0 	# 日 [65e5 ]x
5 8 0,255,0,255,0,32767,0,32767,0,32767 NULL 30 0 0 	# 5 [35 ]0
求 1 0,255,0,255,0,32767,0,32767,0,32767 NULL 31 0 0 	# 求 [6c42 ]x
单 1 0,255,0,255,0,32767,0,32767,0,32767 NULL 32 0 0 	# 单 [5355 ]x
