44
NULL 0 NULL 0
A 5 0,255,0,255,0,32767,0,32767,0,32767 NULL -1 0 0 	# A [41 ]A
. 10 0,255,0,255,0,32767,0,32767,0,32767 NULL 2 0 0 	# . [2e ]p
0 8 0,255,0,255,0,32767,0,32767,0,32767 NULL 3 0 0 	# 0 [30 ]0
3 8 0,255,0,255,0,32767,0,32767,0,32767 NULL 4 0 0 	# 3 [33 ]0
5 8 0,255,0,255,0,32767,0,32767,0,32767 NULL 5 0 0 	# 5 [35 ]0
1 8 0,255,0,255,0,32767,0,32767,0,32767 NULL 6 0 0 	# 1 [31 ]0
7 8 0,255,0,255,0,32767,0,32767,0,32767 NULL 7 0 0 	# 7 [37 ]0
2 8 0,255,0,255,0,32767,0,32767,0,32767 NULL 8 0 0 	# 2 [32 ]0
4 8 0,255,0,255,0,32767,0,32767,0,32767 NULL 9 0 0 	# 4 [34 ]0
8 8 0,255,0,255,0,32767,0,32767,0,32767 NULL 10 0 0 	# 8 [38 ]0
* 10 0,255,0,255,0,32767,0,32767,0,32767 NULL 11 0 0 	# * [2a ]p
9 8 0,255,0,255,0,32767,0,32767,0,32767 NULL 12 0 0 	# 9 [39 ]0
[ 10 0,255,0,255,0,32767,0,32767,0,32767 NULL 13 0 0 	# [ [5b ]p
倍 1 0,255,0,255,0,32767,0,32767,0,32767 NULL 14 0 0 	# 倍 [500d ]x
] 10 0,255,0,255,0,32767,0,32767,0,32767 NULL 15 0 0 	# ] [5d ]p
B 5 0,255,0,255,0,32767,0,32767,0,32767 NULL -1 0 0 	# B [42 ]A
C 5 0,255,0,255,0,32767,0,32767,0,32767 NULL -1 0 0 	# C [43 ]A
D 5 0,255,0,255,0,32767,0,32767,0,32767 NULL -1 0 0 	# D [44 ]A
6 8 0,255,0,255,0,32767,0,32767,0,32767 NULL 19 0 0 	# 6 [36 ]0
E 5 0,255,0,255,0,32767,0,32767,0,32767 NULL -1 0 0 	# E [45 ]A
期 1 0,255,0,255,0,32767,0,32767,0,32767 NULL 21 0 0 	# 期 [671f ]x
S 5 0,255,0,255,0,32767,0,32767,0,32767 NULL -1 0 0 	# S [53 ]A
T 5 0,255,0,255,0,32767,0,32767,0,32767 NULL -1 0 0 	# T [54 ]A
: 10 0,255,0,255,0,32767,0,32767,0,32767 NULL 24 0 0 	# : [3a ]p
N 5 0,255,0,255,0,32767,0,32767,0,32767 NULL -1 0 0 	# N [4e ]A
( 10 0,255,0,255,0,32767,0,32767,0,32767 NULL 26 0 0 	# ( [28 ]p
单 1 0,255,0,255,0,32767,0,32767,0,32767 NULL 27 0 0 	# 单 [5355 ]x
式 1 0,255,0,255,0,32767,0,32767,0,32767 NULL 28 0 0 	# 式 [5f0f ]x
) 10 0,255,0,255,0,32767,0,32767,0,32767 NULL 29 0 0 	# ) [29 ]p
销 1 0,255,0,255,0,32767,0,32767,0,32767 NULL 30 0 0 	# 销 [9500 ]x
售 1 0,255,0,255,0,32767,0,32767,0,32767 NULL 31 0 0 	# 售 [552e ]x
时 1 0,255,0,255,0,32767,0,32767,0,32767 NULL 32 0 0 	# 时 [65f6 ]x
间 1 0,255,0,255,0,32767,0,32767,0,32767 NULL 33 0 0 	# 间 [95f4 ]x
/ 10 0,255,0,255,0,32767,0,32767,0,32767 NULL 34 0 0 	# / [2f ]p
- 10 0,255,0,255,0,32767,0,32767,0,32767 NULL 35 0 0 	# - [2d ]p
开 1 0,255,0,255,0,32767,0,32767,0,32767 NULL 36 0 0 	# 开 [5f00 ]x
奖 1 0,255,0,255,0,32767,0,32767,0,32767 NULL 37 0 0 	# 奖 [5956 ]x
ﬂ 3 0,255,0,255,0,32767,0,32767,0,32767 NULL 38 0 0 	# ﬂ [fb02 ]a
复 1 0,255,0,255,0,32767,0,32767,0,32767 NULL 39 0 0 	# 复 [590d ]x
+ 10 0,255,0,255,0,32767,0,32767,0,32767 NULL 40 0 0 	# + [2b ]p
胆 1 0,255,0,255,0,32767,0,32767,0,32767 NULL 41 0 0 	# 胆 [80c6 ]x
拖 1 0,255,0,255,0,32767,0,32767,0,32767 NULL 42 0 0 	# 拖 [62d6 ]x
^ 10 0,255,0,255,0,32767,0,32767,0,32767 NULL 43 0 0 	# ^ [5e ]p
